0.0002 0.0061 0.0004 0.0066
0.0002 0.0032 0.0004 0.0037
0.0002 0.0032 0.0004 0.0041
0.0002 0.0019 0.0003 0.0026
0.0004 0.0013 0.0004 0.0015
0.0003 0.0017 0.0003 0.0018
0.0003 0.0017 0.0003 0.0018
0.0003 0.0011 0.0004 0.0018
0.0004 0.0011 0.0004 0.0020
0.0005 0.0008 0.0004 0.0012
0.0004 0.0013 0.0004 0.0015
0.0006 0.0008 0.0003 0.0008
0.0005 0.0009 0.0004 0.0011
0.0003 0.0012 0.0004 0.0023
0.0005 0.0009 0.0004 0.0012
0.0005 0.0009 0.0004 0.0012
0.0005 0.0011 0.0003 0.0010
0.0005 0.0008 0.0004 0.0012
0.0005 0.0009 0.0004 0.0012
0.0004 0.0009 0.0004 0.0016
0.0005 0.0009 0.0004 0.0012
0.0005 0.0008 0.0004 0.0012
0.0005 0.0009 0.0004 0.0012
0.0003 0.0017 0.0003 0.0023
0.0004 0.0013 0.0003 0.0014
0.0004 0.0013 0.0003 0.0014
0.0005 0.0010 0.0004 0.0012
0.0003 0.0013 0.0004 0.0019
0.0004 0.0010 0.0004 0.0016
0.0003 0.0014 0.0004 0.0019
0.0004 0.0010 0.0004 0.0016
0.0003 0.0019 0.0004 0.0027
0.0002 0.0047 0.0004 0.0050
0.0002 0.0069 0.0005 0.0069
0.0003 0.0017 0.0003 0.0023
0.0003 0.0014 0.0004 0.0019
0.0002 0.0061 0.0004 0.0066
0.0002 0.0032 0.0004 0.0041
0.0002 0.0032 0.0004 0.0037
0.0005 0.0008 0.0004 0.0012
0.0004 0.0011 0.0004 0.0020
0.0002 0.0069 0.0005 0.0069
0.0003 0.0011 0.0004 0.0018
0.0004 0.0013 0.0003 0.0014
0.0003 0.0013 0.0004 0.0019
0.0005 0.0009 0.0004 0.0012
0.0005 0.0009 0.0004 0.0012
0.0003 0.0019 0.0004 0.0027
0.0005 0.0008 0.0004 0.0012
0.0003 0.0017 0.0003 0.0018
0.0002 0.0047 0.0004 0.0050
0.0005 0.0011 0.0003 0.0010
0.0004 0.0013 0.0004 0.0015
0.0004 0.0009 0.0004 0.0016
0.0003 0.0017 0.0003 0.0018
0.0004 0.0010 0.0004 0.0016
0.0004 0.0013 0.0003 0.0014
0.0005 0.0008 0.0004 0.0012
0.0002 0.0019 0.0003 0.0026
0.0003 0.0012 0.0004 0.0023
0.0005 0.0009 0.0004 0.0012
0.0005 0.0009 0.0004 0.0011
0.0004 0.0013 0.0004 0.0015
0.0005 0.0009 0.0004 0.0012
0.0004 0.0010 0.0004 0.0016
0.0005 0.0009 0.0004 0.0012
0.0006 0.0008 0.0003 0.0008
0.0005 0.0010 0.0004 0.0012
