0.8115 -2.7521
-0.4341 -2.1668
-0.3768 -2.2154
-1.3580 -0.8177
-0.1122 2.5129
-0.3669 0.4707
-0.3669 0.4707
-1.5065 1.7482
-1.8504 1.2294
-0.5628 5.9789
-0.1121 2.5129
0.5628 6.8201
0.2250 5.8056
-1.8382 0.3483
-0.2528 5.1245
-0.5571 5.1350
0.9298 5.4883
-0.0603 5.8416
-0.8389 5.5780
-1.4236 2.8887
-0.2528 5.1245
-0.2835 6.0377
-0.8389 5.5780
-1.1966 -0.2464
0.2803 2.4937
0.2163 2.7690
0.3462 5.1680
-0.9998 1.0886
-1.0545 3.0763
-0.9266 0.6865
-1.3171 3.0083
-1.3435 -0.9478
0.2532 -2.5562
0.8884 -2.7725
-1.1969 -0.2463
-0.9266 0.6866
0.8123 -2.7523
-0.3752 -2.2153
-0.4346 -2.1668
-0.0603 5.8416
-1.8503 1.2297
0.8873 -2.7725
-1.5056 1.7484
0.2803 2.4935
-0.9997 1.0890
-0.8389 5.5780
-0.7450 5.2566
-1.3435 -0.9478
-0.2835 6.0377
-0.3669 0.4707
0.2541 -2.5561
0.9300 5.4883
-0.1121 2.5128
-1.4236 2.8887
-0.3669 0.4707
-1.0526 3.0765
0.2170 2.7691
-0.5628 5.9789
-1.3582 -0.8172
-1.8388 0.3476
-0.2528 5.1245
0.2250 5.8056
-0.1121 2.5128
-0.2528 5.1245
-1.3175 3.0082
-0.7450 5.2566
0.5628 6.8201
0.3461 5.1677
